1.003426432609558
0.9282032251358032
0.9609870910644531
0.9609870910644531
0.9793310165405273
0.1790063977241516
0.16818276047706604
0.15607792139053345
0.14445462822914124
0.0396663099527359
0.0396663099527359
0.02923661842942238
0.008568206802010536
0.0068958536721765995
0.01351733598858118
0.006882832385599613
0.01108701154589653
0.2457049936056137
0.2457049936056137
0.029790282249450684
0.029790282249450684
0.020256347954273224
0.013334020972251892
0.01099215168505907
0.010390832088887691
0.009472658857703209
0.008496147580444813
0.00778089789673686
0.007723246701061726
0.007318601943552494
0.00715378113090992
0.00715378113090992
0.0088532455265522
0.007709800265729427
0.0072255004197359085
0.008986842818558216
0.010147621855139732
0.009312452748417854
0.008741918951272964
0.010378786362707615
0.12103547155857086
0.12103547155857086
0.07316525280475616
0.04343650862574577
0.0284560639411211
0.016944924369454384
0.016944924369454384
0.09265303611755371
0.09265303611755371

0.9321943521499634
0.9321943521499634
0.7387439012527466
0.5607308745384216
0.4111406207084656
0.29520514607429504
0.2087843418121338
0.1473582535982132
0.10441696643829346
0.07365536689758301
0.05308390408754349
0.039801761507987976
0.039801761507987976

0.3157753348350525
0.3157753348350525
0.2980937957763672
0.2780808210372925
